935650.084098 1916099.14175 9
935650.077099 1916099.38589 9
935650.087669 1916099.6077 9
935650.080755 1916099.86293 9
935650.09124 1916100.07365 9
935650.093195 1916100.32881 9
935650.10368 1916100.53953 9
935650.11442 1916100.78353 9
935650.116036 1916100.99432 9
935650.126691 1916101.22723 9
935650.137176 1916101.43794 9
935650.147745 1916101.65976 9
935650.149446 1916101.88164 9
935650.160016 1916102.10345 9
935650.152677 1916102.30321 9
935650.163332 1916102.53612 9
935650.164947 1916102.7469 9
935650.166647 1916102.96878 9
935650.168178 1916103.16847 9
935650.169963 1916103.40145 9
935650.171494 1916103.60114 9
935650.173194 1916103.82302 9
935650.175235 1916104.08928 9
935650.158856 1916104.26692 9
935650.169341 1916104.47764 9
935650.153217 1916104.68856 9
935650.163702 1916104.89928 9
935650.147408 1916105.08801 9
935650.140749 1916105.37652 9
935650.142109 1916105.55403 9
935650.126156 1916105.78714 9
935650.136726 1916106.00895 9
935650.129471 1916106.21981 9
935650.131172 1916106.44169 9
935650.132957 1916106.67466 9
935650.134488 1916106.87435 9
935650.127489 1916107.11849 9
935650.146503 1916107.28476 9
935650.139589 1916107.53999 9
935650.140949 1916107.7175 9
935650.151604 1916107.9504 9
935650.14418 1916108.13907 9
935650.146136 1916108.39423 9
935650.147326 1916108.54955 9
935650.140412 1916108.80478 9
935650.141687 1916108.97119 9
935650.143472 1916109.20416 9
935650.136048 1916109.39283 9
935650.146703 1916109.62574 9
935650.148234 1916109.82543 9
935650.149849 1916110.03622 9
935650.169204 1916110.24687 9
935650.161864 1916110.44663 9
935650.181304 1916110.66837 9
935650.182749 1916110.85697 9
935650.202189 1916111.07871 9
935650.212674 1916111.28943 9
935650.223159 1916111.50015 9
935650.242513 1916111.7108 9
935650.244299 1916111.94378 9
935650.263738 1916112.16552 9
935650.265524 1916112.39849 9
935650.267139 1916112.60928 9
935650.277794 1916112.84219 9
935650.279409 1916113.05297 9
935650.281195 1916113.28595 9
935650.28281 1916113.49673 9
935650.29338 1916113.71855 9
935650.286211 1916113.94049 9
935650.287741 1916114.14019 9
935650.289442 1916114.36207 9
935650.299927 1916114.57279 9
935650.283888 1916114.7948 9
935650.285503 1916115.00559 9
935650.278419 1916115.23863 9
935650.288819 1916115.43826 9
935650.28182 1916115.68239 9
935650.28335 1916115.88208 9
935650.285051 1916116.10396 9
935650.286581 1916116.30366 9
935650.297236 1916116.53656 9
935650.316506 1916116.73612 9
935650.318291 1916116.96909 9
935650.337561 1916117.16865 9
935650.348131 1916117.39046 9
935650.367485 1916117.60111 9
935650.378055 1916117.82293 9
935650.388455 1916118.02255 9
935650.416679 1916118.23313 9
935650.427079 1916118.43276 9
935650.455388 1916118.65443 9
935650.474743 1916118.86508 9
935650.485227 1916119.0758 9
935650.513281 1916119.2642 9
935650.541591 1916119.48587 9
935650.560775 1916119.67434 9
935650.580129 1916119.88499 9
935650.599314 1916120.07345 9
935650.618753 1916120.29519 9
935650.637853 1916120.47256 9
935650.657207 1916120.68321 9
935650.676307 1916120.86058 9
935650.695576 1916121.06014 9
935650.705891 1916121.24867 9
935650.725246 1916121.45932 9
935650.735476 1916121.63675 9
935650.7321358224 1916121.6467429237 9
935650.7289963163 1916121.6567503118 9
935650.7260566829 1916121.666772134 9
935650.7233161232 1916121.67680836 9
935650.7207738386 1916121.6868589593 9
935650.7184290302 1916121.6969239023 9
935650.7162808991 1916121.707003158 9
935650.7143286467 1916121.7170966968 9
935650.7125714741 1916121.7272044881 9
935650.7110085823 1916121.7373265019 9
935650.7096391727 1916121.7474627073 9
935650.7084624466 1916121.7576130747 9
935650.7074776047 1916121.7677775736 9
935650.7066838489 1916121.7779561733 9
935650.7060803798 1916121.7881488444 9
935650.7056663986 1916121.7983555559 9
935650.7054411069 1916121.808576278 9
935650.7054037057 1916121.8188109803 9
935650.705553396 1916121.8290596323 9
935650.7058893794 1916121.839322204 9
935650.7064108566 1916121.8495986653 9
935650.7071170291 1916121.8598889855 9
935650.708007098 1916121.8701931343 9
935650.7090802643 1916121.880511082 9
935650.7103357298 1916121.890842798 9
935650.711772695 1916121.901188252 9
935650.7133903614 1916121.911547414 9
935650.7151879302 1916121.9219202532 9
935650.7171646025 1916121.9323067397 9
935650.7193195794 1916121.9427068434 9
935650.7216520624 1916121.9531205334 9
935650.7241612525 1916121.9635477804 9
935650.7268463507 1916121.9739885533 9
935650.7297065585 1916121.9844428222 9
935650.7327410771 1916121.9949105568 9
935650.7359491073 1916122.005391727 9
935650.7393298508 1916122.0158863023 9
935650.7428825083 1916122.0263942522 9
935650.7466062814 1916122.036915547 9
935650.7505003711 1916122.047450156 9
935650.7545639785 1916122.057998049 9
935650.758796305 1916122.068559196 9
935650.7631965516 1916122.0791335667 9
935650.7677639195 1916122.0897211307 9
935650.7724976102 1916122.1003218575 9
935650.7773968244 1916122.1109357174 9
935650.7824607636 1916122.1215626795 9
935650.7876886289 1916122.132202714 9
935650.7930796216 1916122.1428557904 9
935650.7986329427 1916122.1535218784 9
935650.8043477935 1916122.164200948 9
935650.8102233752 1916122.1748929692 9
935650.8162588889 1916122.1855979108 9
935650.8224535359 1916122.1963157433 9
935650.8288065172 1916122.2070464364 9
935650.8353170343 1916122.2177899594 9
935650.8419842882 1916122.2285462823 9
935650.84880748 1916122.2393153745 9
935650.855785811 1916122.2500972066 9
935650.8629184825 1916122.2608917474 9
935650.8702046954 1916122.2716989673 9
935650.8776436512 1916122.2825188357 9
935650.885234551 1916122.2933513224 9
935650.8929765957 1916122.3041963973 9
935650.900868987 1916122.3150540297 9
935650.9089109256 1916122.3259241898 9
935650.9171016129 1916122.3368068465 9
935650.9254402502 1916122.347701971 9
935650.9339260383 1916122.3586095318 9
935650.942558179 1916122.3695294994 9
935650.9513358731 1916122.380461843 9
935650.9602583216 1916122.3914065326 9
935650.9693247263 1916122.4023635376 9
935650.9785342878 1916122.4133328283 9
935650.9878862074 1916122.4243143739 9
935650.9973796866 1916122.4353081444 9
935651.0070139263 1916122.4463141095 9
935651.0167881277 1916122.4573322393 9
935651.0267014921 1916122.4683625028 9
935651.0367532207 1916122.4794048704 9
935651.0469425146 1916122.4904593115 9
935651.0572685751 1916122.5015257958 9
935651.0677306032 1916122.5126042932 9
935651.0783278003 1916122.523694773 9
935651.0890593673 1916122.5347972058 9
935651.0999245057 1916122.5459115608 9
935651.1109224166 1916122.5570378073 9
935651.1220523011 1916122.568175916 9
935651.1333133604 1916122.5793258562 9
935651.1447047959 1916122.5904875973 9
935651.1562258085 1916122.6016611094 9
935651.1678755995 1916122.6128463622 9
935651.1796533702 1916122.6240433252 9
935651.1915583215 1916122.6352519684 9
935651.2035896549 1916122.6464722615 9
935651.2157465714 1916122.6577041743 9
935651.2280282723 1916122.6689476767 9
935651.2404339586 1916122.680202738 9
935651.2529628319 1916122.6914693278 9
935651.2656140928 1916122.7027474162 9
935651.2783869432 1916122.7140369732 9
935651.2912805836 1916122.7253379677 9
935651.3042942154 1916122.7366503705 9
935651.3174270401 1916122.7479741506 9
935651.3306782586 1916122.759309278 9
935651.344047072 1916122.7706557221 9
935651.3575326818 1916122.7820134533 9
935651.371134289 1916122.793382441 9
935651.3848510947 1916122.8047626545 9
935651.3986823002 1916122.8161540641 9
935651.4126271069 1916122.827556639 9
935651.4266847156 1916122.8389703496 9
935651.4408543276 1916122.8503951654 9
935651.4551351443 1916122.8618310562 9
935651.4695263667 1916122.8732779913 9
935651.4840271961 1916122.8847359407 9
935651.4986368333 1916122.8962048744 9
935651.5133544802 1916122.9076847618 9
935651.5281793375 1916122.9191755727 9
935651.5431106064 1916122.9306772768 9
935651.5581474882 1916122.942189844 9
935651.573289184 1916122.953713244 9
935651.588534895 1916122.9652474464 9
935651.6038838226 1916122.9767924212 9
935651.6193351678 1916122.9883481378 9
935651.6348881316 1916122.9999145663 9
935651.6505419157 1916123.011491676 9
935651.6662957207 1916123.023079437 9
935651.6821487484 1916123.0346778187 9
935651.6981001995 1916123.0462867913 9
935651.7141492752 1916123.057906324 9
935651.7302951771 1916123.0695363872 9
935651.746537106 1916123.0811769501 9
935651.7628742632 1916123.0928279825 9
935651.77930585 1916123.1044894543 9
935651.7958310676 1916123.1161613353 9
935651.8124491168 1916123.1278435946 9
935651.8291591993 1916123.139536203 9
935651.845960516 1916123.1512391292 9
935651.862852268 1916123.162952344 9
935651.8798336568 1916123.174675816 9
935651.8969038833 1916123.1864095158 9
935651.914062149 1916123.1981534127 9
935651.9313076548 1916123.2099074766 9
935651.948639602 1916123.2216716772 9
935651.9660571917 1916123.2334459838 9
935651.9835596255 1916123.245230367 9
935652.0011461038 1916123.257024796 9
935652.0188158286 1916123.2688292407 9
935652.0365680006 1916123.2806436708 9
935652.0544018211 1916123.2924680558 9
935652.0723164914 1916123.304302366 9
935652.0903112125 1916123.3161465705 9
935652.1083851856 1916123.3280006393 9
935652.1265376122 1916123.3398645422 9
935652.1447676932 1916123.3517382492 9
935652.1630746296 1916123.3636217294 9
935652.1814576233 1916123.375514953 9
935652.1999158745 1916123.3874178894 9
935652.2184485854 1916123.3993305087 9
935652.2370549565 1916123.4112527806 9
935652.2557341892 1916123.4231846745 9
935652.2744854847 1916123.4351261605 9
935652.2933080442 1916123.447077208 9
935652.3122010687 1916123.459037787 9
935652.3311637597 1916123.471007867 9
935652.3501953181 1916123.4829874185 9
935652.3692949454 1916123.4949764102 9
935652.3884618426 1916123.5069748121 9
935652.4076952109 1916123.5189825944 9
935652.4269942514 1916123.5309997262 9
935652.4463581654 1916123.543026178 9
935652.4657861541 1916123.5550619187 9
935652.4852774185 1916123.567106919 9
935652.5048311603 1916123.5791611476 9
935652.5244465799 1916123.5912245747 9
935652.5441228793 1916123.6032971703 9
935652.5638592591 1916123.6153789035 9
935652.5836549208 1916123.6274697448 9
935652.6035090652 1916123.6395696634 9
935652.6234208941 1916123.6516786295 9
935652.6433896084 1916123.663796612 9
935652.663414409 1916123.6759235817 9
935652.6834944976 1916123.6880595076 9
935652.703629075 1916123.7002043598 9
935652.7238173425 1916123.7123581078 9
935652.7440585012 1916123.7245207212 9
935652.7643517525 1916123.7366921701 9
935652.7846962975 1916123.7488724242 9
935652.8050913374 1916123.7610614533 9
935652.8255360734 1916123.7732592267 9
935652.8460297064 1916123.7854657145 9
935652.8665714381 1916123.7976808862 9
935652.8871604693 1916123.8099047118 9
935652.9077960013 1916123.822137161 9
935652.9284772354 1916123.8343782031 9
935652.9492033726 1916123.8466278086 9
935652.9699736142 1916123.8588859467 9
935652.9907871614 1916123.871152587 9
935653.0116432152 1916123.8834277 9
935653.0325409771 1916123.8957112546 9
935653.0534796482 1916123.9080032208 9
935653.0744584295 1916123.9203035685 9
935653.0954765223 1916123.9326122673 9
935653.1165331277 1916123.944929287 9
935653.1376274473 1916123.9572545977 9
935653.1587586816 1916123.9695881682 9
935653.1799260324 1916123.981929969 9
935653.2011287005 1916123.9942799695 9
935653.2223658875 1916124.0066381397 9
935653.243636794 1916124.019004449 9
935653.2649406217 1916124.0313788678 9
935653.2862765717 1916124.0437613649 9
935653.3076438449 1916124.056151911 9
935653.3290416427 1916124.068550475 9
935653.3504691664 1916124.080957027 9
935653.371925617 1916124.0933715363 9
935653.3934101956 1916124.1057939737 9
935653.4149221038 1916124.1182243081 9
935653.4364605423 1916124.1306625095 9
935653.4580247125 1916124.1431085472 9
935653.4796138158 1916124.1555623917 9
935653.5012270531 1916124.1680240121 9
935653.5228636255 1916124.1804933785 9
935653.5445227346 1916124.1929704605 9
935653.5662035813 1916124.2054552278 9
935653.5879053667 1916124.2179476502 9
935653.6096272924 1916124.2304476975 9
935653.6313685591 1916124.2429553391 9
935653.6531283682 1916124.2554705453 9
935653.6749059209 1916124.2679932853 9
935653.6967004185 1916124.280523529 9
935653.7185110621 1916124.2930612466 9
935653.7403370526 1916124.305606407 9
935653.7621775918 1916124.3181589805 9
935653.7840318802 1916124.3307189366 9
935653.8058991195 1916124.3432862454 9
935653.8277785106 1916124.3558608762 9
935653.849669255 1916124.3684427992 9
935653.8715705535 1916124.3810319835 9
935653.8934816077 1916124.3936283994 9
935653.9154016183 1916124.4062320164 9
935653.937329787 1916124.4188428042 9
935653.9592653146 1916124.4314607326 9
935653.9812074024 1916124.4440857715 9
935654.0031552517 1916124.4567178902 9
935654.0251080636 1916124.4693570589 9
935654.0470650393 1916124.4820032471 9
935654.0690253798 1916124.4946564245 9
935654.0909882868 1916124.5073165612 9
935654.112952961 1916124.5199836264 9
935654.1349186038 1916124.5326575902 9
935654.1568844164 1916124.5453384223 9
935654.1788495997 1916124.5580260921 9
935654.2008133553 1916124.57072057 9
935654.2227748841 1916124.583421825 9
935654.2447333875 1916124.5961298272 9
935654.2666880664 1916124.6088445466 9
935654.2886381223 1916124.6215659522 9
935654.3105827562 1916124.6342940144 9
935654.3325211696 1916124.6470287028 9
935654.3544525631 1916124.6597699872 9
935654.3763761384 1916124.6725178368 9
935654.3982910964 1916124.685272222 9
935654.4201966384 1916124.698033112 9
935654.4420919658 1916124.710800477 9
935654.4639762794 1916124.7235742866 9
935654.4858487807 1916124.7363545105 9
935654.5077086705 1916124.749141118 9
935654.5295551504 1916124.7619340797 9
935654.5513874213 1916124.7747333648 9
935654.5732046848 1916124.7875389433 9
935654.5950061416 1916124.8003507843 9
935654.6167909933 1916124.8131688582 9
935654.6385584407 1916124.8259931346 9
935654.6603076851 1916124.8388235832 9
935654.682037928 1916124.8516601736 9
935654.7037483702 1916124.8645028756 9
935654.725438213 1916124.8773516591 9
935654.7471066576 1916124.8902064937 9
935654.7687529053 1916124.903067349 9
935654.7903761572 1916124.915934195 9
935654.8119756145 1916124.9288070013 9
935654.8335504783 1916124.9416857378 9
935654.85509995 1916124.954570374 9
935654.8766232308 1916124.9674608796 9
935654.8981195213 1916124.9803572246 9
935654.9195880234 1916124.9932593785 9
935654.941027938 1916125.0061673112 9
935654.9624384663 1916125.0190809926 9
935654.9838188095 1916125.032000392 9
935655.0051681688 1916125.0449254792 9
935655.0264857453 1916125.0578562245 9
935655.0477707405 1916125.0707925966 9
935655.069022355 1916125.083734566 9
935655.0902397906 1916125.0966821027 9
935655.1114222482 1916125.109635176 9
935655.1325689289 1916125.1225937554 9
935655.1536790341 1916125.1355578112 9
935655.1747517647 1916125.1485273126 9
935655.1957863224 1916125.1615022295 9
935655.2167819078 1916125.1744825318 9
935655.2377377226 1916125.1874681895 9
935655.2586529675 1916125.2004591718 9
935655.2795268442 1916125.2134554484 9
935655.3003585535 1916125.2264569895 9
935655.3211472966 1916125.2394637645 9
935655.3418922749 1916125.2524757432 9
935655.3625926896 1916125.2654928954 9
935655.3832477416 1916125.2785151908 9
935655.4038566323 1916125.2915425992 9
935655.4244185629 1916125.30457509 9
935655.4449327346 1916125.3176126338 9
935655.4653983484 1916125.3306551992 9
935655.4858146056 1916125.3437027568 9
935655.5061807075 1916125.356755276 9
935655.5264958553 1916125.3698127263 9
935655.54675925 1916125.382875078 9
935655.5669700928 1916125.3959423006 9
935655.587127585 1916125.4090143633 9
935655.6072309278 1916125.4220912366 9
935655.6272793222 1916125.43517289 9
935655.6472719697 1916125.448259293 9
935655.6672080712 1916125.4613504158 9
935655.6870868282 1916125.4744462275 9
935655.7069074415 1916125.4875466987 9
935655.7266691125 1916125.5006517982 9
935655.7463710424 1916125.5137614964 9
935655.7660124323 1916125.5268757625 9
935655.7855924835 1916125.539994567 9
935655.805110397 1916125.5531178785 9
935655.8245653744 1916125.566245668 9
935655.8439566164 1916125.5793779043 9
935655.8632833244 1916125.5925145578 9
935655.8825446997 1916125.6056555975 9
935655.9017399433 1916125.618800994 9
935655.9208682565 1916125.6319507163 9
935655.9399288405 1916125.6451047347 9
935655.9589208963 1916125.6582630184 9
935655.9778436254 1916125.6714255374 9
935655.9966962286 1916125.6845922614 9
935656.0154779075 1916125.6977631606 9
935656.034187863 1916125.7109382038 9
935656.0528252964 1916125.7241173615 9
935656.0713894089 1916125.7373006032 9
935656.0898794016 1916125.7504878985 9
935656.1082944758 1916125.7636792173 9
935656.1266338328 1916125.7768745292 9
935656.1448966734 1916125.790073804 9
935656.1630821992 1916125.8032770117 9
935656.1811896109 1916125.816484122 9
935656.1992181102 1916125.8296951042 9
935656.217166898 1916125.8429099282 9
935656.2350351757 1916125.8561285634 9
935656.2528221442 1916125.8693509805 9
935656.270527005 1916125.882577149 9
935656.288148959 1916125.8958070376 9
935656.3056872076 1916125.909040617 9
935656.3231409519 1916125.9222778569 9
935656.3405093931 1916125.9355187262 9
935656.3577917323 1916125.9487631961 9
935656.3749871708 1916125.962011235 9
935656.3920949098 1916125.9752628133 9
935656.4091141504 1916125.9885179005 9
935656.426044094 1916126.0017764664 9
935656.4428839416 1916126.015038481 9
935656.4596328943 1916126.0283039135 9
935656.4762901535 1916126.041572734 9
935656.4928549202 1916126.0548449121 9
935656.5093263956 1916126.0681204177 9
935656.5257037812 1916126.0813992205 9
935656.5419862778 1916126.09468129 9
935656.5581730867 1916126.1079665963 9
935656.5742634092 1916126.1212551086 9
935656.5902564465 1916126.1345467973 9
935656.6061513998 1916126.1478416317 9
935656.62194747 1916126.1611395818 9
935656.6376438587 1916126.174440617 9
935656.6532397666 1916126.187744707 9
935656.6687343953 1916126.2010518222 9
935656.6841269458 1916126.214361932 9
935656.6994166194 1916126.2276750056 9
935656.7146026173 1916126.2409910131 9
935656.7296841405 1916126.2543099246 9
935656.7446603904 1916126.2676317096 9
935656.759530568 1916126.2809563375 9
935656.7742938747 1916126.2942837786 9
935656.7889495115 1916126.3076140021 9
935656.8034966796 1916126.3209469782 9
935656.8179345804 1916126.3342826762 9
935656.8322624147 1916126.3476210665 9
935656.8464793841 1916126.3609621178 9
935656.8605846898 1916126.3743058008 9
935656.8745775325 1916126.387652085 9
935656.8884571139 1916126.4010009395 9
935656.9022226349 1916126.414352335 9
935656.9158732967 1916126.4277062404 9
935656.9294083007 1916126.441062626 9
935656.9428268477 1916126.4544214616 9
935656.9561281393 1916126.4677827163 9
935656.9693113765 1916126.4811463605 9
935656.9823757606 1916126.4945123633 9
935656.9953204924 1916126.5078806952 9
935657.0081447737 1916126.5212513255 9
935657.0208478053 1916126.534624224 9
935657.0334287884 1916126.5479993604 9
935657.0458869244 1916126.5613767041 9
935657.0582214142 1916126.5747562253 9
935657.070431459 1916126.5881378937 9
935657.0825162604 1916126.6015216792 9
935657.0944750191 1916126.6149075509 9
935657.1063069367 1916126.628295479 9
935657.1180112141 1916126.6416854332 9
935657.1295870525 1916126.6550773834 9
935657.1410336533 1916126.668471299 9
935657.1523502173 1916126.6818671497 9
935657.1635359462 1916126.6952649057 9
935657.1745900407 1916126.7086645362 9
935657.1855117022 1916126.7220660115 9
935657.1963001322 1916126.7354693008 9
935657.2069545314 1916126.748874374 9
935657.2174741012 1916126.7622812008 9
935657.2278580428 1916126.7756897514 9
935657.2381055573 1916126.7890999948 9
935657.2482158459 1916126.8025119014 9
935657.25818811 1916126.8159254403 9
935657.2680215505 1916126.8293405818 9
935657.2777153685 1916126.8427572954 9
935657.2872687657 1916126.856175551 9
935657.2966809429 1916126.8695953179 9
935657.3059511014 1916126.883016566 9
935657.3150784425 1916126.8964392652 9
935657.324062167 1916126.9098633858 9
935657.3329014764 1916126.9232888964 9
935657.341595572 1916126.9367157673 9
935657.3501436546 1916126.9501439682 9
935657.3585449257 1916126.963573469 9
935657.3667985862 1916126.977004239 9
935657.3749038377 1916126.9904362485 9
935657.382859881 1916127.0038694667 9
935657.3906659177 1916127.0173038638 9
935657.3983211487 1916127.0307394094 9
935657.4058247751 1916127.0441760728 9
935657.4131759983 1916127.0576138243 9
935657.4203740194 1916127.0710526335 9
935657.4274180396 1916127.0844924697 9
935657.4343072601 1916127.0979333036 9
935657.441040882 1916127.111375104 9
935657.4476181066 1916127.1248178408 9
935657.4540381351 1916127.138261484 9
935657.4603001687 1916127.1517060034 9
935657.4664034084 1916127.1651513686 9
935657.4723470557 1916127.1785975492 9
935657.4781303115 1916127.1920445152 9
935657.4837523771 1916127.2054922362 9
935657.4892124536 1916127.2189406818 9
935657.4945097424 1916127.2323898221 9
935657.4996434443 1916127.245839626 9
935657.504612761 1916127.2592900645 9
935657.5094168935 1916127.272741106 9
935657.5140550428 1916127.286192722 9
935657.5185264101 1916127.2996448802 9
935657.5228301969 1916127.3130975517 9
935657.526965604 1916127.3265507056 9
935657.5309318331 1916127.3400043119 9
935657.5347280848 1916127.3534583405 9
935657.5383535605 1916127.3669127608 9
935657.5418074615 1916127.3803675426 9
935657.5450889891 1916127.3938226555 9
935657.5481973442 1916127.4072780698 9
935657.5511317282 1916127.420733755 9
935657.553891342 1916127.4341896805 9
935657.5564753872 1916127.447645816 9
935657.5588830648 1916127.461102132 9
935657.5611135758 1916127.4745585972 9
935657.5631661216 1916127.4880151823 9
935657.5650399033 1916127.5014718564 9
935657.5667341222 1916127.5149285893 9
935657.5682479794 1916127.528385351 9
935657.5695806762 1916127.5418421114 9
935657.5707314136 1916127.5552988395 9
935657.5716993927 1916127.5687555056 9
935657.5724838151 1916127.582212079 9
935657.5730838818 1916127.5956685303 9
935657.5734987938 1916127.6091248286 9
935657.5737277525 1916127.6225809436 9
935657.5737699589 1916127.6360368452 9
935657.5736246145 1916127.649492503 9
935657.5732909202 1916127.6629478869 9
935657.5727680774 1916127.6764029667 9
935657.5720552871 1916127.6898577118 9
935657.5711517505 1916127.7033120922 9
935657.570056669 1916127.7167660776 9
935657.5687692435 1916127.7302196377 9
935657.5672886753 1916127.7436727425 9
935657.5656141659 1916127.7571253614 9
935657.5637449159 1916127.7705774638 9
935657.5616801269 1916127.7840290202 9
935657.559419 1916127.79748 9
935657.578689 1916127.99703 10
935657.624396 1916128.1742 10
935657.643666 1916128.37375 10
935657.662935 1916128.57331 10
935657.690989 1916128.7617 10
935657.701474 1916128.97242 10
935657.623348 1916129.19491 10
935657.633748 1916129.39454 10
935657.652932 1916129.583 10
935657.689855 1916129.77133 10
935657.70904 1916129.95979 10
935657.728139 1916130.13716 10
935657.747323 1916130.32562 10
935657.766507 1916130.51408 10
935657.794561 1916130.70248 10
935657.8227 1916130.90197 10
935657.823975 1916131.06838 10
935657.860984 1916131.2678 10
935657.871383 1916131.46742 10
935657.890653 1916131.66698 10
935657.918706 1916131.85537 10
935657.920237 1916132.05506 10
935657.939506 1916132.25462 10
935657.958605 1916132.43199 10
935657.969005 1916132.63161 10
935657.988104 1916132.80898 10
935657.998504 1916133.00861 10
935658.008734 1916133.18604 10
935658.028003 1916133.3856 10
935658.038403 1916133.58522 10
935658.048802 1916133.78485 10
935658.076941 1916133.98434 10
935658.087426 1916134.19505 10
935658.10678 1916134.4057 10
935658.126134 1916134.61635 10
935658.145489 1916134.82701 10
935658.164843 1916135.03766 10
935658.175243 1916135.23728 10
935658.194512 1916135.43684 10
935658.204997 1916135.64755 10
935658.224266 1916135.84711 10
935658.24379 1916136.07995 10
935658.26306 1916136.27951 10
935658.291368 1916136.50118 10
935658.310638 1916136.70074 10
935658.347816 1916136.92235 10
935658.375955 1916137.12184 10
935658.386525 1916137.34365 10
935658.423448 1916137.53197 10
935658.433933 1916137.74269 10
935658.462156 1916137.95328 10
935658.490295 1916138.15276 10
935658.50078 1916138.36348 10
935658.520049 1916138.56304 10
935658.539403 1916138.77369 10
935658.558758 1916138.98434 10
935658.586897 1916139.18383 10
935658.606166 1916139.38338 10
935658.63439 1916139.59397 10
935658.653744 1916139.80462 10
935658.681883 1916140.00411 10
935658.683498 1916140.21489 10
935658.711552 1916140.40329 10
935658.730906 1916140.61394 10
935658.750175 1916140.81349 10
935658.778314 1916141.01298 10
935658.806453 1916141.21247 10
935658.834591 1916141.41196 10
935658.853776 1916141.60042 10
935658.87296 1916141.78888 10
935658.901099 1916141.98837 10
935658.929152 1916142.17677 10
935658.948337 1916142.36523 10
935658.967521 1916142.55369 10
935658.995575 1916142.74209 10
935659.014844 1916142.94164 10
935659.033858 1916143.10792 10
935659.053212 1916143.31857 10
935659.072396 1916143.50703 10
935659.091836 1916143.72877 10
935659.119889 1916143.91717 10
935659.139159 1916144.11672 10
935659.167382 1916144.32731 10
935659.177697 1916144.51584 10
935659.205836 1916144.71533 10
935659.225105 1916144.91488 10
935659.244289 1916145.10334 10
935659.263559 1916145.3029 10
935659.282828 1916145.50246 10
935659.311137 1916145.72413 10
935659.339275 1916145.92362 10
935659.358715 1916146.14537 10
935659.377899 1916146.33383 10
935659.406293 1916146.5666 10
935659.434431 1916146.76609 10
935659.453956 1916146.99893 10
935659.47331 1916147.20958 10
935659.492664 1916147.42023 10
935659.512103 1916147.64197 10
935659.513803 1916147.86385 10
935659.533243 1916148.0856 10
935659.543727 1916148.29632 10
935659.563167 1916148.51806 10
935659.573736 1916148.73987 10
935659.593091 1916148.95052 10
935659.594791 1916149.1724 10
935659.614145 1916149.38305 10
935659.62463 1916149.59377 10
935659.635029 1916149.7934 10
935659.663253 1916150.00398 10
935659.673738 1916150.2147 10
935659.684137 1916150.41432 10
935659.694707 1916150.63613 10
935659.705192 1916150.84685 10
935659.706807 1916151.05764 10
935659.717292 1916151.26836 10
935659.710037 1916151.47921 10
935659.711568 1916151.6789 10
935659.704228 1916151.87866 10
935659.696889 1916152.07842 10
935659.689549 1916152.27819 10
935659.68221 1916152.47795 10
935659.665916 1916152.66668 10
935659.649707 1916152.86651 10
935659.642283 1916153.05517 10
935659.625989 1916153.24391 10
935659.618565 1916153.43257 10
935659.611225 1916153.63234 10
935659.603716 1916153.80991 10
935659.587507 1916154.00974 10
935659.571298 1916154.20956 10
935659.555089 1916154.40939 10
935659.530011 1916154.60929 10
935659.496063 1916154.80925 10
935659.479854 1916155.00908 10
935659.463645 1916155.20891 10
935659.429698 1916155.40887 10
935659.395665 1916155.59774 10
935659.370586 1916155.79764 10
935659.327684 1916155.98658 10
935659.293736 1916156.18654 10
935659.250834 1916156.37548 10
935659.216971 1916156.58654 10
935659.165114 1916156.76445 10
935659.122381 1916156.97558 10
935659.079479 1916157.16451 10
935659.018923 1916157.36468 11
935658.967321 1916157.57588 11
935658.915549 1916157.76488 11
935658.863862 1916157.96498 11
935658.80339 1916158.17625 11
935658.751619 1916158.36525 11
935658.682193 1916158.56549 11
935658.630506 1916158.76559 11
935658.56091 1916158.94364 11
935658.500353 1916159.1438 11
935658.430843 1916159.33295 11
935658.370201 1916159.52202 11
935658.291821 1916159.71123 11
935658.222225 1916159.88928 11
935658.152714 1916160.07842 11
935658.100857 1916160.25633 11
935658.022392 1916160.43445 11
935657.961665 1916160.61243 11
935657.909808 1916160.79034 11
935657.849082 1916160.96832 11
935657.80601 1916161.13507 11
935657.745283 1916161.31305 11
935657.693341 1916161.47987 11
935657.650439 1916161.66881 11
935657.607452 1916161.84665 11
935657.564549 1916162.03559 11
935657.530432 1916162.21337 11
935657.505268 1916162.40217 11
935657.462451 1916162.6022 11
935657.437373 1916162.8021 11
935657.412379 1916163.01309 11
935657.387386 1916163.22408 11
935657.362563 1916163.45726 11
935657.346524 1916163.67927 11
935657.321786 1916163.92354 11
935657.314702 1916164.15659 11
935657.289963 1916164.40086 11
935657.283049 1916164.65609 11
935657.26718 1916164.90029 11
935657.260266 1916165.15552 11
935657.253352 1916165.41075 11
935657.237483 1916165.65496 11
935657.239353 1916165.89903 11
935657.22357 1916166.15433 11
935657.216486 1916166.38737 11
935657.209656 1916166.65369 11
935657.202572 1916166.88673 11
935657.204442 1916167.1308 11
935657.197358 1916167.36385 11
935657.199143 1916167.59682 11
935657.192059 1916167.82986 11
935657.17619 1916168.07407 11
935657.169021 1916168.29601 11
935657.153067 1916168.52913 11
935657.145813 1916168.73998 11
935657.147598 1916168.97295 11
935657.12269 1916169.19504 11
935657.106566 1916169.40596 11
935657.090528 1916169.62798 11
935657.056835 1916169.86122 11
935657.031757 1916170.06112 11
935657.007019 1916170.30539 11
935656.99081 1916170.50522 11
935656.965987 1916170.7384 11
935656.940993 1916170.94939 11
935656.916 1916171.16038 11
935656.899961 1916171.3824 11
935656.874883 1916171.58229 11
935656.858844 1916171.80431 11
935656.85159 1916172.01516 11
935656.835381 1916172.21499 11
935656.828127 1916172.42584 11
935656.794264 1916172.6369 11
935656.78701 1916172.84776 11
935656.771056 1916173.08087 11
935656.754933 1916173.29179 11
935656.747763 1916173.51374 11
935656.72294 1916173.74692 11
935656.715771 1916173.96886 11
935656.690863 1916174.19095 11
935656.683694 1916174.4129 11
935656.685309 1916174.62368 11
935656.669355 1916174.85679 11
935656.662186 1916175.07874 11
935656.663886 1916175.30062 11
935656.647933 1916175.53373 11
935656.649548 1916175.74452 11
935656.642549 1916175.98866 11
935656.644164 1916176.19944 11
935656.645949 1916176.43242 11
935656.638865 1916176.66546 11
935656.64065 1916176.89843 11
935656.642351 1916177.12031 11
935656.635266 1916177.35336 11
935656.645836 1916177.57517 11
935656.638667 1916177.79712 11
935656.640282 1916178.0079 11
935656.624328 1916178.24101 11
935656.617074 1916178.45187 11
935656.609905 1916178.67382 11
935656.593866 1916178.89583 11
935656.586612 1916179.10669 11
935656.579358 1916179.31754 11
935656.572189 1916179.53949 11
935656.564934 1916179.75034 11
935656.548896 1916179.97236 11
935656.541642 1916180.18322 11
935656.534387 1916180.39407 11
935656.518349 1916180.61609 11
935656.502225 1916180.82701 11
935656.503755 1916181.0267 11
935656.496586 1916181.24865 11
935656.462638 1916181.44861 11
935656.455214 1916181.63728 11
935656.466209 1916181.91456 11
935656.45904 1916182.13651 11
935656.460655 1916182.3473 11
935656.462355 1916182.56918 11
935656.446232 1916182.7801 11
935656.447932 1916183.00198 11
935656.440763 1916183.22393 11
935656.424554 1916183.42376 11
935656.426339 1916183.65673 11
935656.4103 1916183.87875 11
935656.403131 1916184.1007 11
935656.395962 1916184.32264 11
935656.326621 1916184.53397 11
935656.319197 1916184.72264 11
935656.303329 1916184.96684 11
935656.28729 1916185.18886 11
935656.280121 1916185.41081 11
935656.255383 1916185.65508 11
935656.248213 1916185.87703 11
935656.241214 1916186.12117 11
935656.243 1916186.35414 11
935656.226961 1916186.57616 11
935656.175699 1916186.83173 11
935656.152917 1916187.33116 11
935656.163486 1916187.55297 11
935656.156232 1916187.76383 11
935656.149148 1916187.99687 11
935656.150763 1916188.20766 11
935656.152464 1916188.42954 11
935656.154249 1916188.66251 11
935656.173433 1916188.85098 11
935656.192787 1916189.06163 11
935656.176834 1916189.29474 11
935656.187488 1916189.52764 11
935656.180404 1916189.76068 11
935656.191059 1916189.99359 11
935656.183975 1916190.22663 11
935656.194545 1916190.44845 11
935656.196415 1916190.69251 11
935656.197945 1916190.89221 11
935656.199731 1916191.12518 11
935656.201431 1916191.34706 11
935656.211916 1916191.55778 11
935656.222485 1916191.77959 11
935656.224356 1916192.02366 11
935656.225886 1916192.22335 11
935656.227586 1916192.44523 11
935656.246856 1916192.64479 11
935656.26621 1916192.85544 11
935656.285564 1916193.06609 11
935656.287179 1916193.27688 11
935656.27984 1916193.47664 11
935656.272586 1916193.68749 11
935656.282901 1916193.87602 11
935656.266862 1916194.09804 11
935656.250738 1916194.30896 11
935656.261223 1916194.51968 11
935656.253799 1916194.70835 11
935656.246375 1916194.89701 11
935656.257029 1916195.12992 11
935656.240481 1916195.28537 11
935656.242181 1916195.50725 11
935656.243626 1916195.69585 11
935656.245156 1916195.89554 11
935656.237732 1916196.08421 11
935656.239263 1916196.2839 11
935656.231838 1916196.47257 11
935656.242238 1916196.67219 11
935656.234729 1916196.84976 11
935656.245129 1916197.04939 11
935656.237789 1916197.24915 11
935656.239235 1916197.43775 11
935656.24068 1916197.62634 11
935656.233341 1916197.82611 11
935656.225916 1916198.01477 11
935656.218577 1916198.21453 11
935656.211238 1916198.41429 11
935656.203814 1916198.60296 11
935656.18769 1916198.81388 11
935656.180351 1916199.01364 11
935656.173097 1916199.2245 11
935656.219059 1916199.43494 11
935656.238414 1916199.64559 11
935656.204636 1916199.86774 11
935656.197212 1916200.05641 11
935656.189788 1916200.24508 11
935656.191403 1916200.45586 11
935656.175194 1916200.65569 11
935656.176555 1916200.8332 11
935656.195994 1916201.05494 11
935656.153347 1916201.27716 11
935656.172446 1916201.45453 11
935656.165107 1916201.65429 11
935656.157683 1916201.84296 11
935656.176782 1916202.02032 11
935656.160488 1916202.20906 11
935656.170888 1916202.40868 11
935656.172503 1916202.61947 11
935656.174033 1916202.81916 11
935656.166949 1916203.0522 11
935656.177434 1916203.26292 11
935656.179219 1916203.4959 11
935656.181005 1916203.72887 11
935656.17409 1916203.9841 11
935656.176046 1916204.23926 11
935656.178001 1916204.49443 11
935656.171172 1916204.76075 11
